env_config:
  use_condor: True
  env_id: "motion_control_continuous_laser-v0"
  seed: 13
  stack_frame: 1
  kwargs:
    world_name: "world_0.world"
    gui: false
    verbose: false
    max_step: 400
    time_step: 0.2
    slack_reward: 0
    collision_reward: -1
    failure_reward: 0
    success_reward: 20
    goal_reward: 1
    max_collision: 1
    init_position: [-2, 3, 1.57]
    goal_position: [0, 10, 0]

    laser_clip: 4
    min_v: -0.2
    max_v: 0.5
    min_w: -1.57
    max_w: 1.57

training_config:
  algorithm: "TD3"
  network: "mlp"
  encoder: "mlp"
  buffer_size: 200000
  actor_lr: 0.00001
  critic_lr: 0.00002
  num_layers: 1
  hidden_layer_size: 512
  encoder_num_layers: 1
  encoder_hidden_layer_size: 512
  exploration_noise_start: 0.1
  exploration_noise_end: 0.0999
  pre_collect: 4096
  log_intervals: 2

  dyna_style: False
  n_simulated_update: 10
  model_lr: 0.0001

  MPC: False
  horizon: 10
  num_particle: 256

  safe_rl: False # for safe RL
  safe_mode: "lagr" # for safe RL
  safe_lagr: 2. # for safe RL

  policy_args:
    tau: 0.005
    gamma: 0.99
    policy_noise: 0.2
    update_actor_freq: 2
    noise_clip: 0.5
    n_step: 4

  training_args:
    max_step: 4000000
    collect_per_step: 4096
    update_per_step: 1024
    batch_size: 128

condor_config:
  test_object: "local"  # or "dwa"
  num_actor: 100

  # 10 static worlds
  worlds: [153, 43, 20, 209, 74, 274, 127, 192, 56, 291]
  # 50 static worlds
  # worlds: [153, 43, 20, 209, 74, 274, 127, 192, 56, 291, 242, 29, 238, 170, 286, 52, 243, 157, 116, 131, 23, 276, 231, 273, 51, 247, 266, 110, 166, 225, 207, 236, 280, 35, 49, 65, 105, 80, 67, 109, 18, 177, 75, 195, 249, 26, 264, 83, 149, 176]
  # 100 static worlds
  # worlds: [153, 43, 20, 209, 74, 274, 127, 192, 56, 291, 242, 29, 238, 170, 286, 52, 243, 157, 116, 131, 23, 276, 231, 273, 51, 247, 266, 110, 166, 225, 207, 236, 280, 35, 49, 65, 105, 80, 67, 109, 18, 177, 75, 195, 249, 26, 264, 83, 149, 176, 282, 246, 223, 62, 59, 179, 24, 181, 154, 172, 165, 112, 66, 77, 275, 194, 28, 130, 111, 81, 17, 89, 205, 86, 297, 136, 70, 90, 259, 25, 57, 71, 240, 237, 138, 268, 217, 63, 147, 278, 76, 168, 277, 87, 191, 15, 188, 135, 255, 183]
  # test: 50 static worlds
  test_worlds: [250, 292, 97, 162, 219, 125, 142, 289, 1, 106, 227, 79, 132, 31, 151, 220, 91, 228, 160, 145, 224, 152, 10, 252, 69, 174, 244, 208, 158, 214, 211, 37, 120, 271, 99, 21, 4, 5, 2, 32, 14, 96, 139, 212, 245, 84, 156, 128, 58, 48]
  
  # 10 dynamic worlds
  # worlds: [500, 501, 502, 503, 504, 505, 506, 507, 508, 509]
  # 50 dynamic worlds
  # worlds: [500, 501, 502, 503, 504, 505, 506, 507, 508, 509, 510, 511, 512, 513, 514, 515, 516, 517, 518, 519, 520, 521, 522, 523, 524, 525, 526, 527, 528, 529, 530, 531, 532, 533, 534, 535, 536, 537, 538, 539, 540, 541, 542, 543, 544, 545, 546, 547, 548, 549]
  # 100 dynamic worlds
  # worlds: [500, 501, 502, 503, 504, 505, 506, 507, 508, 509, 510, 511, 512, 513, 514, 515, 516, 517, 518, 519, 520, 521, 522, 523, 524, 525, 526, 527, 528, 529, 530, 531, 532, 533, 534, 535, 536, 537, 538, 539, 540, 541, 542, 543, 544, 545, 546, 547, 548, 549, 550, 551, 552, 553, 554, 555, 556, 557, 558, 559, 560, 561, 562, 563, 564, 565, 566, 567, 568, 569, 570, 571, 572, 573, 574, 575, 576, 577, 578, 579, 580, 581, 582, 583, 584, 585, 586, 587, 588, 589, 590, 591, 592, 593, 594, 595, 596, 597, 598, 599]
  # test: 50 dynamic worlds
  # test_worlds: [600, 601, 602, 603, 604, 605, 606, 607, 608, 609, 610, 611, 612, 613, 614, 615, 616, 617, 618, 619, 620, 621, 622, 623, 624, 625, 626, 627, 628, 629, 630, 631, 632, 633, 634, 635, 636, 637, 638, 639, 640, 641, 642, 643, 644, 645, 646, 647, 648, 649]
  
  num_trials: 10
